$ANSIBLE_VAULT;1.1;AES256
66353130373236626665363838616631343363353738356631623930366666353365343335343661
6638333636343563663164363736366434386330393735340a363761356330336266626533383837
63306266653332656336343733373130353739366637366336363036656163316635316538393165
3132333232356339360a623164376532353730393335306532303538666132633736623330306239
32383531386265663834343936623030633863383937366561373230393131353931663836623633
66373661646364303639646430626635623937636436343666656139353734356238666563363330
36346535366332386665643531656537363166656162646361636238666533313336396239326536
37663161303736656666636431653830393534326235313031353439633866663561646463613565
62323036306165653734376334353062316239383266613732323366396534633262656433643036
63366663316362306439356162356363323738303938326164636236346236636339333465373264
39313665366138316166643132666235653561393530393234343234653263626638386531353863
38326438656637393133373934356133616639643437393139313734393237323565363335663161
35366166303038613033343933633534636536393734616561363062656361616334623238386434
65356231393637613236656438323532636164373037396538363934343037313735363339396163
38323139336533363638313037643338653139663732613632653366633563373865656234653831
36383863343434373530366261303039653134623734326135643563653665616163303939623835
31393361363531663462613831643665323331393138313334323133383963396131383366663966
37626532386462393061306239306266343838653332313230343939346538366264363265353261
65366162643362636235613334316137666330386462303633363061613166623930346633353334
36373661653437623236306563663731666664653731653164346330633663323539313835656336
36363530636334376638356166316166386163623739343966333434636239623162633766663230
35623366393431313061623836356363623330626666656362633563323663323535643466386131
62373432313264346130306630663766353533363561396161373963323764616533623236336165
61636538376530643736613263633762373733626462353538306334613838383030643462663932
65393438316531343965343839356665376130376233666565363030363438646462653862396239
30643466353466616331323632313832323432653564666466313333633139313666353933653833
34633337366266343131323139386232306536653066306631636661613534303931633063333032
36396663333837313330383034376161663634643435643633666539333733353464373530336538
35383936633431343638653364616165636132333437646364386332343539363062343232396230
66333538383334376533343661636666663962623836303631353665643533316339336638343661
62633162366332626133393563663638666263646161323962396539666339663935616166666432
30303032373036636464343236343862343532326636346665626164616132323839653936346137
6330
